28
      202400030      严怡凡            120            120            120
      202400025         严安            100            100            100
      202400010         孙二             97             95             96
      202400019         唐一             98             96             94
      202400003         王五             95             90             93
      202400015         林七             93             91             92
      202400023         曹五             92             90             88
      202400008         吴十             88             94             86
      202400006         刘八             91             86             90
      202400001         张三             89             92             85
      202400013         何五             90             89             87
      202400016         罗八             85             87             89
      202400025         袁七             86             84             91
      202400002         李四             76             88             91
      202400021         韩三             87             85             83
      202400005         陈七             84             79             88
      202400011         黄三             82             81             84
      202400020         邓二             81             80             79
      202400012         徐四             78             83             77
      202400017         梁九             79             76             82
      202400024         谢六             77             78             74
      202400004         赵六             68             72             80
      202400007         周九             73             75             70
      202400022         冯四             69             73             76
      202400018         宋十             72             68             75
      202400026         潘八             71             70             73
      202400014         高六             66             74             71
      202400009         郑一             60             69             72
